9 3992
10 12395
32 89727
33 238
34 2341
37 33
38 194
39 125
40 8149
41 8149
42 511
43 1453
44 4238
45 1011
46 6834
47 1257
48 1799
49 1487
50 1987
51 259
52 139
53 201
54 60
55 95
56 41
57 31
58 2353
59 44
60 1185
61 5521
62 716
63 6
64 7
65 1382
66 955
67 2162
68 2331
69 489
70 1235
71 185
72 12
73 1374
74 33
75 36
76 727
77 1365
78 1454
79 402
80 1771
81 6
82 991
83 1532
84 772
85 364
86 267
87 184
88 267
89 32
91 942
92 450
93 942
94 3
95 1124
96 112
97 15106
98 3388
99 7226
100 8786
101 26331
102 4587
103 3496
104 2390
105 14816
106 662
107 1233
108 13505
109 5300
110 17801
111 15228
112 6304
113 355
114 14522
115 11768
116 19076
117 7455
118 3823
119 2796
120 2925
121 2144
122 624
123 2967
124 40
125 2967
